9 9
13 8
28 10
52 16
74 22
100 28
127 34
150 37
171 40
184 42
198 44
209 46
214 46
215 46
216 47
216 48
216 49
216 51
216 52
216 53
216 55
215 57
211 61
205 62
197 67
187 70
177 73
169 75
161 77
155 79
150 79
142 83
134 84
127 87
124 87
116 88
111 89
106 89
101 91
94 93
91 93
88 95
87 95
84 96
81 97
77 98
73 98
67 98
61 100
55 100
52 101
49 103
47 103
46 103
46 104
45 104
44 105
42 106
41 107
39 107
37 108
36 109
35 110
35 111
35 112
35 114
34 117
34 118
34 119
34 121
33 121
33 122
33 123
33 124
31 126
31 127
31 128
31 129
30 129
29 130
29 132
27 134
25 135
23 136
21 138
20 139
18 139
17 141
16 141
15 141
21 144
34 144
57 149
86 152
109 155
135 160
150 161
166 164
182 166
194 168
202 168
210 170
220 172
229 172
240 174
248 177
257 179
264 181
266 181
269 182
270 182
271 182
273 184
274 184
275 184
275 185
273 187
266 188
260 188
255 188
248 188
244 188
241 188
238 188
237 188
235 188
232 188
228 188
222 188
214 188
200 188
180 188
161 188
146 187
135 184
125 181
121 180
116 180
114 180
111 179
110 179
107 179
105 179
104 179
103 179
102 179
99 179
96 179
93 179
90 179
87 179
85 179
84 179
83 179
